INSERT INTO ProfileAnimals (ProfileID, AnimalID, Active)
VALUES
(2, 23, 1),(2, 11, 1),(2, 1, 1),(2, 7, 1),(2, 5, 1),(3, 9, 1),(3, 7, 1),(3, 9, 1),(4, 11, 1),(4, 4, 1),(6, 17, 1),(6, 17, 1),
(6, 9, 1),(6, 25, 1),(6, 4, 1),(6, 3, 1),(6, 8, 1),(6, 1, 1),(6, 16, 1),(6, 11, 1),(6, 10, 1),(6, 12, 1),(6, 23, 1),(6, 9, 1),
(6, 3, 1),(6, 15, 1),(6, 6, 1),(6, 6, 1),(6, 13, 1),(6, 9, 1),(7, 10, 1),(8, 17, 1),(8, 1, 1),(9, 10, 1),(9, 24, 1),(10, 24, 1),
(10, 11, 1),(12, 23, 1),(12, 12, 1),(12, 19, 1),(12, 14, 1),(12, 8, 1),(13, 8, 1),(13, 9, 1),(13, 2, 1),(13, 3, 1),(14, 7, 1),
(14, 15, 1),(14, 8, 1),(15, 22, 1),(15, 17, 1),(16, 8, 1),(17, 22, 1),(17, 17, 1),(17, 8, 1),(17, 17, 1),(19, 18, 1),(19, 15, 1),
(20, 9, 1),(21, 16, 1),(21, 3, 1),(21, 3, 1),(22, 16, 1),(22, 16, 1),(22, 11, 1),(23, 12, 1),(24, 13, 1),(24, 15, 1),(24, 6, 1),(24, 8, 1),
(25, 23, 1),(25, 11, 1),(25, 11, 1),(25, 13, 1),(25, 25, 1),(26, 19, 1),(26, 9, 1),(26, 9, 1),(27, 11, 1),(27, 15, 1),(28, 17, 1),(28, 17, 1),
(28, 19, 1),(28, 25, 1),(28, 23, 1),(28, 19, 1),(28, 18, 1),(28, 11, 1),(29, 16, 1),(29, 11, 1),(29, 10, 1),(29, 12, 1),(29, 23, 1),(29, 9, 1),
(29, 16, 1),(29, 15, 1),(29, 6, 1),(29, 18, 1),(29, 13, 1),(29, 9, 1),(31, 10, 1),(31, 17, 1),(31, 25, 1),(32, 10, 1),(32, 24, 1),(33, 24, 1),
(34, 1, 1),(34, 23, 1),(34, 2, 1),(34, 9, 1),(35, 14, 1),(35, 21, 1);